 12
 5.69897 5.79934 5.89763 6 6.11394 6.20412 6.30103 6.39794 6.50515 6.60206 6.69897 6.79934
 1
 14.38
 160
 0.03 0.0312523 0.0325568 0.0339158 0.0353316 0.0368064 0.0383428 0.0399433 0.0416107 0.0433476 0.045157 0.047042 0.0490057 0.0510513 0.0531823 0.0554023 0.0577149 0.0601241 0.0626338 0.0652483 0.067972 0.0708093 0.0737651 0.0768442 0.0800519 0.0833935 0.0868745 0.0905009 0.0942787 0.0982141 0.102314 0.106585 0.111034 0.115669 0.120497 0.125527 0.130767 0.136225 0.141912 0.147835 0.154006 0.160435 0.167132 0.174108 0.181376 0.188947 0.196834 0.205051 0.21361 0.222527 0.231816 0.241492 0.251573 0.262074 0.273014 0.28441 0.296282 0.30865 0.321534 0.334955 0.348937 0.363503 0.378676 0.394483 0.41095 0.428104 0.445974 0.46459 0.483984 0.504186 0.525232 0.547157 0.569997 0.59379 0.618576 0.644397 0.671296 0.699318 0.728509 0.758919 0.790598 0.8236 0.857979 0.893793 0.931103 0.969969 1.01046 1.05264 1.09658 1.14235 1.19004 1.23971 1.29146 1.34537 1.40153 1.46003 1.52098 1.58447 1.65061 1.71951 1.79128 1.86606 1.94395 2.0251 2.10963 2.19769 2.28943 2.385 2.48455 2.58826 2.6963 2.80885 2.9261 3.04825 3.17549 3.30804 3.44613 3.58998 3.73983 3.89594 4.05857 4.22799 4.40447 4.58833 4.77986 4.97938 5.18723 5.40376 5.62933 5.86431 6.1091 6.36411 6.62977 6.90651 7.19481 7.49514 7.808 8.13393 8.47346 8.82717 9.19564 9.57949 9.97936 10.3959 10.8299 11.2819 11.7529 12.2435 12.7546 13.287 13.8416 14.4194 15.0213 15.6483 16.3015 16.982 17.6909 18.4293 19.1986 20
 22.304 23.966 25.281 26.325 27.626 29.079 30.897 32.72 34.544 36.492 38.529 40.625 42.629 44.458 46.417 48.479 50.613 52.783 54.936 56.95 58.923 60.739 62.534 64.157 65.52 66.689 67.548 68.242 68.302 68.071 67.523 66.462 65.149 63.092 60.681 57.788 54.358 50.61 46.239 41.585 36.54 31.203 25.598 19.759 13.642 7.0619 1.2599 2.4011 6.551 9.5517 11.588 13.308 14.734 15.799 16.758 17.387 17.89 18.2 18.297 18.303 18.056 17.727 17.245 16.647 15.972 15.178 14.339 13.438 12.507 11.545 10.596 9.6337 8.7109 7.8119 6.9385 6.1431 5.3594 4.6758 4.0264 3.4363 2.925 2.4358 2.0495 1.6858 1.3803 1.1239 0.88944 0.71936 0.56109 0.44017 0.34047 0.25588 0.19731 0.14459 0.10859 0.079069 0.056297 0.041052 0.027941 0.020093 0.013618 0.0091755 0.0062592 0.003901 0.0026904 0.0016728 0.0010675 0.00067172 0.00038221 0.00025005 0.00014013 8.4922e-05 4.8409e-05 2.5565e-05 1.5361e-05 7.596e-06 4.3936e-06 2.2177e-06 1.0927e-06 5.8874e-07 2.5022e-07 1.3907e-07 6.0394e-08 2.6703e-09 4.5873e-11 5.2137e-13 4.7356e-15 3.5167e-17 2.1174e-19 1.0246e-21 3.9486e-24 1.2004e-26 2.8506e-29 5.2332e-32 7.3476e-35 7.8024e-38 6.1938e-41 3.6311e-44 1.5524e-47 4.7763e-51 1.0432e-54 1.5944e-58 1.6801e-62 1.2018e-66 5.742e-71 1.8018e-75 3.6486e-80 4.682e-85 3.7352e-90 1.816e-95 5.2718e-101 8.9422e-107 8.6661e-113 4.6872e-119 1.3811e-125 2.1613e-132 1.7492e-139 7.1245e-147 1.419e-154 1.3411e-162
 28 29.954 31.661 33.183 35.489 37.877 39.833 42.085 44.659 47.286 50.006 52.817 55.578 58.213 61.176 64.347 67.637 70.846 73.755 76.994 80.485 83.299 86.162 89.06 91.819 94.492 96.607 98.551 99.843 100.86 101.57 101.56 101.24 99.907 98.057 95.469 91.97 87.975 82.614 76.612 69.543 61.39 52.465 42.088 30.425 17.03 5.1708 7.4712 16.899 24.79 30.599 35.657 40.017 43.484 46.711 49.11 51.207 52.833 53.894 54.733 54.868 54.78 54.246 53.325 52.169 50.552 48.77 46.688 44.429 42.008 39.46 36.82 34.14 31.443 28.728 26.133 23.527 21.119 18.775 16.56 14.553 12.588 10.933 9.343 7.9417 6.7145 5.5597 4.6602 3.8066 3.1133 2.5189 1.9933 1.6027 1.2422 0.97647 0.75064 0.5663 0.43394 0.31615 0.23873 0.1728 0.12406 0.089839 0.06083 0.044138 0.029733 0.020299 0.013737 0.0086068 0.0059514 0.003678 0.0023895 0.0014893 0.00087141 0.00056066 0.00031215 0.00019342 0.00010898 5.9621e-05 3.5037e-05 1.7182e-05 1.0194e-05 5.0659e-06 2.6006e-06 1.3602e-06 5.7066e-07 3.2586e-07 1.3833e-07 5.3938e-08 1.4068e-09 2.008e-11 2.0704e-13 1.7546e-15 1.2123e-17 6.7704e-20 3.0294e-22 1.076e-24 3.0046e-27 6.5303e-30 1.0932e-32 1.3943e-35 1.3396e-38 9.5806e-42 5.0384e-45 1.9236e-48 5.2602e-52 1.0161e-55 1.3665e-59 1.2603e-63 7.846e-68 3.2439e-72 8.7554e-77 1.5155e-81 1.6512e-86 1.111e-91 4.5236e-97 1.0914e-102 1.527e-108 1.2109e-114 5.3139e-121
 34.655 36.914 39.361 41.982 44.706 47.474 50.045 52.729 55.533 59.132 63.008 66.648 70.375 74.165 78.342 82.773 87.067 91.47 95.915 100.28 104.68 109.2 113.79 118.22 122.56 126.87 130.7 134.46 137.74 140.58 142.93 144.48 145.72 145.83 145.35 144.01 141.25 137.77 132.1 125.37 116.75 105.88 93.523 77.679 58.8 35.999 14.549 19.246 37.305 53.633 66.396 77.74 87.763 96.079 103.98 110.33 116.15 121.12 125.01 128.52 130.63 132.29 133.03 132.89 132.25 130.43 128.22 125.17 121.56 117.47 112.71 107.64 102.14 96.399 90.401 84.335 78.11 72.002 65.899 59.9 54.207 48.518 43.408 38.4 33.777 29.556 25.475 22.077 18.789 15.966 13.45 11.142 9.3094 7.5779 6.2111 5.0089 3.9778 3.1878 2.4633 1.9455 1.4909 1.1325 0.86457 0.62831 0.47793 0.34481 0.25008 0.18025 0.12258 0.089218 0.059879 0.041441 0.027872 0.017815 0.012187 0.0074939 0.00495 0.0030585 0.0018344 0.001162 0.00064201 0.00040537 0.00022539 0.00012684 7.2841e-05 3.5226e-05 2.1311e-05 1.0363e-05 5.4806e-06 2.7677e-06 1.1622e-06 6.5742e-07 2.684e-07 1.3383e-07 2.0378e-08 4.0744e-10 4.8158e-12 4.5365e-14 3.4994e-16 2.192e-18 1.1054e-20 4.4468e-23 1.4137e-25 3.5173e-28 6.7784e-31 1.0011e-33 1.1206e-36 9.3974e-40 5.8336e-43 2.6469e-46 8.6656e-50 2.0191e-53 3.3011e-57 3.7312e-61 2.8714e-65 1.4804e-69 5.0287e-74 1.1061e-78 1.5469e-83 1.3498e-88
 43.347 46.066 48.967 52.044 55.553 59.222 62.906 66.489 69.95 75.174 80.803 84.739 89.493 95.386 100.47 105.38 111.16 117.17 123.41 129.48 135.57 142.29 149.11 155.66 162.23 168.87 174.77 180.7 186.53 192.08 197.33 201.58 205.52 208.18 210.1 210.89 209.89 208.05 203.11 196.59 187.07 173.63 157.69 135.08 106.71 71.14 35.349 44.61 76.559 107.11 132.43 155.38 176.12 193.92 211.11 225.7 239.54 252.09 262.89 273.19 281.09 288.34 293.99 298.05 301.29 302.07 302.12 300.33 297.19 292.97 286.85 279.95 271.49 262.13 251.84 240.61 228.76 216.27 203.39 190.17 176.95 163.43 150.44 137.42 124.81 112.8 100.88 90.261 79.782 70.271 61.469 53.11 46.024 39.177 33.408 28.155 23.44 19.592 15.966 13.162 10.624 8.5018 6.8166 5.2769 4.2008 3.2235 2.474 1.8892 1.3824 1.0571 0.76358 0.56104 0.40412 0.27975 0.20278 0.13616 0.095666 0.064174 0.041885 0.028431 0.017447 0.011715 0.0071911 0.0044132 0.002757 0.0015112 0.00096968 0.00053127 0.00030583 0.0001713 8.2756e-05 4.9777e-05 2.3461e-05 1.265e-05 6.1025e-06 2.6419e-06 1.3956e-06 5.3418e-07 2.6987e-07 1.0503e-07 1.5828e-08 3.0278e-10 3.3047e-12 2.9718e-14 2.1841e-16 1.3009e-18 6.2244e-21 2.3708e-23 7.1198e-26 1.6692e-28 3.024e-31 4.1876e-34 4.3832e-37 3.4275e-40 1.9782e-43 8.3207e-47 2.5169e-50 5.4009e-54 8.1043e-58 8.3773e-62
 55.083 59.259 63.042 66.54 70.689 75.159 80.16 85.289 90.548 97.107 104.06 110 116.3 123.02 129.69 136.55 144.88 153.35 161.8 171.17 181.25 190.06 199.2 208.83 218.67 228.76 238.26 247.88 257.33 266.67 275.86 284.75 293.56 300.47 306.62 311.58 314.45 316.41 314.08 309.49 300.49 285.22 266.08 235.43 194.92 141.91 82.947 102.05 158.55 213.65 261.75 306.37 347.74 384.48 420.51 452.56 483.81 513.37 540.58 567.39 590.5 612.94 633.16 650.85 667.46 679.83 691.14 699.07 704.34 707.59 706.5 703.89 697.37 688.44 676.95 662.09 645.59 625.78 604.29 580.72 555.34 528.59 500.6 471.72 442.14 412.46 382.15 353 323.59 295.29 267.94 241.03 216.59 192.42 170.63 150.06 130.74 113.91 97.603 83.97 71.233 59.951 50.424 41.423 34.522 28.082 22.774 18.385 14.408 11.582 8.9636 6.988 5.3732 4.0116 3.0803 2.2446 1.6781 1.2162 0.86109 0.62533 0.42304 0.30264 0.20373 0.13615 0.092169 0.056734 0.038743 0.023711 0.014875 0.0091832 0.005061 0.0032472 0.0017483 0.0010234 0.00055622 0.00027481 0.00015759 7.0794e-05 3.8466e-05 1.736e-05 7.5703e-06 3.6587e-06 1.2574e-06 6.3402e-07 2.1514e-07 8.24e-08 3.0119e-08 3.0299e-09 4.8521e-11 4.7334e-13 3.7868e-15 2.4638e-17 1.2925e-19 5.4183e-22 1.7982e-24 4.6783e-27 9.4453e-30 1.4643e-32 1.7241e-35 1.524e-38
 66.088 70.376 75.468 81.258 87.104 92.958 98.11 104.16 111.19 119.6 128.38 135.26 142.55 150.3 160.48 171.84 180.95 190.49 200.52 211.97 224.45 235.41 247.34 261.55 275.09 288.23 301.49 315.32 330 344.07 357.46 370.72 384.13 396.25 407.73 418.08 425.73 432.3 433.92 432.78 426.06 410.87 390.56 354.09 303.58 234.06 149.14 182.3 269.25 353.04 427.98 498.69 565.47 626.34 686.7 742.22 797.17 850.37 901.06 951.84 998.61 1044.9 1088.4 1129.1 1169 1203.5 1236.8 1265.5 1290.5 1312.9 1328.6 1342.3 1349.3 1352.2 1350.9 1342.8 1331.9 1313.7 1291.8 1265 1233 1198 1157.4 1114.2 1067.5 1018 966.21 912.89 858 802.52 746.98 690.77 636.84 582.48 530.94 480.81 432.16 387.65 343.66 304.72 267.43 233.04 202.64 173.24 149.16 126.24 106.38 89.232 73.225 61.003 49.454 40.188 32.31 25.387 20.304 15.629 12.212 9.326 6.9815 5.3147 3.8363 2.8732 2.0577 1.4593 1.0441 0.69421 0.49643 0.32709 0.21816 0.14385 0.086596 0.058287 0.03429 0.021322 0.012553 0.0067959 0.0041299 0.0020649 0.0011861 0.00059085 0.00028154 0.00014664 5.7412e-05 3.0314e-05 1.1654e-05 4.8194e-06 1.9537e-06 5.2453e-07 2.5701e-07 6.5521e-08 2.3932e-08 6.3549e-09 1.0793e-09 1.1133e-10 1.2729e-12 1.0344e-14 6.8411e-17 3.6506e-19 1.5577e-21 5.2659e-24
 82.081 87.458 93.592 100.4 107.54 114.88 121.96 129.9 138.76 148.18 158.01 167.9 178.06 188.45 199.95 212.24 226.31 240.04 252.5 266.68 282.1 298.24 315.07 332.63 350.7 369.34 388.12 407.45 426.97 447.09 467.82 488.38 509.27 528.85 547.77 565.41 580.75 595.33 603.89 609.14 607.43 594.61 575.22 533.64 472.37 382.39 260.34 317.82 452.46 579.86 695.71 806.65 913.12 1012.6 1112.3 1206.9 1301.8 1395.4 1487.4 1580.7 1670.1 1760.2 1848.1 1933.8 2019.9 2099.2 2178.6 2253 2323.1 2390.8 2449.3 2505.9 2553 2594.4 2629.8 2654 2674.1 2680.9 2681.2 2672.3 2651.9 2626.1 2586 2539.9 2484.1 2419.4 2348.5 2267.7 2182 2089.6 1992.6 1891 1786.9 1679.7 1572 1463.6 1354.7 1249.6 1143.5 1043.8 945.89 851.8 764.56 678.28 602.8 529.38 462.6 402.41 344.61 297.25 251.59 212.73 178.36 146.96 122.26 98.984 80.722 64.733 51.063 40.667 31.158 24.408 18.513 13.89 10.473 7.474 5.5965 3.9473 2.7933 1.9591 1.2794 0.9035 0.57662 0.38065 0.24135 0.14245 0.091606 0.050556 0.030737 0.016775 0.008717 0.004873 0.0021544 0.0011949 0.00051602 0.00023101 0.00010313 3.2257e-05 1.6403e-05 4.874e-06 1.8936e-06 5.7945e-07 1.1692e-07 5.1386e-08 8.5906e-09 3.0693e-09 5.098e-10 8.5901e-11 2.1289e-11 1.6026e-12
 99.804 108.3 116.26 123.86 131.8 140.79 153.42 164.72 174.52 183.09 192.21 206.96 221.16 234.28 248.32 263.15 280.23 298.18 317.19 336.25 355.7 377.36 399.72 422.27 445.62 469.85 497.38 525.78 552.65 580.37 608.94 638.56 669.11 698.72 728.24 757.09 783.45 809.2 827.67 842.57 849.58 842.29 826.71 781.79 710.01 596.37 424.28 519.99 723 911.32 1084.3 1252.1 1415.3 1571 1728.4 1881.5 2036.9 2193.3 2349.7 2509.8 2668.5 2830.3 2992.1 3154 3318.8 3478.7 3641 3800.1 3955.7 4110.3 4255.4 4400.4 4534.3 4662.4 4784.2 4890.4 4993 5075.8 5150 5210.9 5252.3 5286 5292.4 5288.8 5265.8 5223.4 5169.5 5088.2 4996.7 4885 4758.2 4618.3 4460.8 4293.6 4113.1 3924.1 3726.3 3523.5 3314.2 3104.7 2893 2681.3 2475.3 2267 2072.8 1879.7 1696 1523.2 1353 1204.1 1057.7 926.35 805.67 691.65 596.04 503.93 426.9 357.15 294.81 244.4 197.04 160.75 128.11 100.99 79.738 60.434 47.201 35.289 26.326 19.485 13.644 10.072 6.891 4.8031 3.2465 2.0659 1.3984 0.83983 0.53855 0.31797 0.17865 0.10633 0.052219 0.030394 0.014516 0.0070066 0.0034028 0.0012184 0.00064407 0.00021923 9.0759e-05 3.1475e-05 7.461e-06 3.4324e-06 6.9427e-07 2.5911e-07 5.2266e-08 9.926e-09 2.8385e-09 2.8001e-10
 125.61 135.27 145.17 155.34 170.74 185.99 195.12 205.94 218.59 234.96 252.11 263.73 278.32 297.11 317.11 338.09 359.04 380.99 404.11 430.82 460.1 488.2 517.62 548.99 581.48 615.16 651.13 688.85 728.66 769.48 811.33 854.62 899.5 945.07 990.69 1035.6 1078.8 1122.2 1157.8 1189.4 1211.7 1215.6 1209 1163 1079.5 933.47 684.21 845.17 1157.6 1441.9 1704.2 1960.8 2212.9 2458.4 2708.4 2956.8 3211.5 3471.4 3736.4 4010.2 4288.2 4575.1 4868.6 5167.9 5476.3 5785 6102.5 6423.2 6745.9 7073.8 7396.3 7724.5 8044.3 8362.2 8677.7 8977.6 9278.5 9555.5 9825 10080 10308 10530 10709 10876 11012 11113 11198 11228 11240 11208 11140 11045 10897 10728 10512 10267 9990.9 9678.3 9344.3 8978.6 8594.1 8188.7 7769.1 7333.8 6895.5 6448.5 6000.7 5559.1 5112.1 4691.7 4269.9 3869.5 3486.3 3111.6 2776 2445.2 2150.3 1873.4 1615 1392.4 1177.6 1000 835.3 690.69 570.3 457.34 372.64 294.39 231.22 180.23 134.74 104.03 76.002 55.922 40.186 27.486 19.584 12.738 8.6268 5.4891 3.3316 2.1091 1.1453 0.70204 0.36935 0.19279 0.10163 0.041534 0.022954 0.0089277 0.0039697 0.0015565 0.00043557 0.00021056 5.1669e-05 2.0367e-05 4.9959e-06 1.0925e-06 3.5863e-07 4.69e-08
 165.37 172.82 183.96 198.19 207.96 219.47 240.85 258.06 270.64 287.31 306.08 329.79 353.29 376.04 399.77 424.5 450.13 478.25 510.37 544.27 579.82 617.01 655.97 697.14 740.52 786.07 834.76 885.56 938.05 993.16 1051 1110.8 1172.8 1236 1300.6 1366 1429.9 1494.5 1551.7 1604.7 1646.8 1666.4 1673.6 1629.5 1535.5 1353.2 1005.8 1254.5 1706.2 2109.9 2482.8 2850.1 3213.3 3571.8 3938.9 4309.6 4693 5088.4 5496.7 5920.5 6359.6 6815.9 7289.2 7779 8287.4 8809.7 9350.5 9905.8 10475 11061 11654 12264 12877 13500 14132 14755 15390 16009 16629 17239 17827 18417 18956 19487 19983 20437 20876 21231 21566 21835 22046 22217 22289 22326 22269 22152 21972 21696 21377 20960 20490 19954 19348 18698 17981 17227 16428 15599 14736 13865 12972 12079 11192 10297 9445.8 8589.8 7782.6 7000.3 6242.9 5553.9 4874.4 4276.1 3705.6 3181.7 2722.5 2280.3 1923.3 1586 1298 1054.1 829.1 664.3 510.67 392.64 296.09 214.33 159.27 110.24 78.146 52.745 34.078 22.688 13.336 8.5514 4.8579 2.71 1.5267 0.69431 0.39992 0.17332 0.08227 0.03564 0.011474 0.0058038 0.001673 0.00069692 0.00020099 5.0235e-05 1.8416e-05 3.0631e-06
 202.56 207.83 225.14 252.37 264.74 276.68 295.28 316.32 340 363.37 386.98 408.12 433.32 464.13 496.08 529.31 564.17 601.83 643.74 688.05 734.56 780.32 829.15 883.72 942.65 1005.6 1067.3 1131.8 1203.2 1278.4 1357.9 1440.2 1525.8 1613.6 1704.2 1797.1 1889.6 1984 2070.5 2152.9 2223.5 2266.5 2294.6 2257.3 2153.3 1925 1438.1 1814.2 2460.4 3026.6 3548.6 4065.1 4578.2 5090.7 5618 6156.7 6716.9 7299 7907.9 8543.3 9212.2 9910.8 10642 11408 12207 13044 13915 14822 15765 16746 17757 18807 19886 20997 22141 23303 24500 25703 26930 28172 29408 30670 31894 33130 34342 35519 36700 37784 38862 39859 40789 41678 42418 43122 43678 44141 44506 44693 44813 44727 44538 44206 43698 43102 42290 41385 40329 39140 37855 36424 34916 33309 31635 29889 28113 26287 24462 22631 20794 19026 17245 15577 13941 12374 10931 9507.7 8276.3 7085.8 6015.8 5067.4 4165.2 3452.9 2775.2 2220.6 1747.9 1330.4 1027.7 751.22 555.6 395.2 270.22 188.44 118.85 79.623 48.467 28.797 17.246 8.6432 5.1952 2.4856 1.2605 0.5986 0.22003 0.11663 0.03908 0.017305 0.0057985 0.001664 0.00067471 0.00014104
 251.72 269.49 289.25 310.81 333.91 357.53 379.66 402.45 425.91 454.49 485.43 518.55 555.83 598.64 636.14 672.86 724.4 775.78 824.69 879.97 939.98 1002 1067.4 1137.9 1214.6 1296.8 1382 1471.5 1568 1670 1777.8 1888.4 2003.7 2129 2257.5 2388.3 2521.9 2659.6 2791.2 2918.4 3031.5 3112.2 3175.9 3154.7 3043.9 2754.2 2057.1 2627.1 3561.4 4359.9 5091.6 5817.7 6541.4 7271 8024.1 8801.7 9615.4 10468 11368 12311 13311 14362 15473 16648 17880 19189 20559 22003 23519 25106 26776 28518 30338 32233 34205 36250 38375 40563 42824 45152 47526 49978 52448 54979 57538 60105 62728 65282 67877 70418 72915 75407 77734 80058 82202 84243 86178 87849 89454 90724 91841 92726 93278 93696 93643 93412 92842 91931 90815 89222 87440 85297 82877 80220 77238 74076 70666 67092 63348 59503 55531 51549 47523 43491 39574 35616 31940 28301 24859 21664 18535 15874 13289 11042 9045.4 7210.7 5781.8 4444.4 3425.5 2559.4 1846.8 1347.1 907.58 635.62 413.07 261.25 166.07 91.345 57.486 30.256 16.453 8.5439 3.58 1.998 0.7757 0.36836 0.14281 0.047495 0.02125 0.0055697
